#
66 5
1 -0.9167 0 0
2 -0.9167 0.0833 0
3 -1 0.1667 0
4 -1.6667 0.25 0
5 -1.8333 0.25 0
6 -2.3333 0.8333 0
7 -2.4167 1 0
8 -2.4167 0.25 0
9 -7.5833 0.25 0
10 -8 1 0
11 -9 1 0
12 -9 -1 0
13 -8 -1 0
14 -7.5833 -0.25 0
15 -2.4167 -0.25 0
16 -2.4167 -1 0
17 -2.3333 -0.8333 0
18 -1.8333 -0.25 0
19 -1.6667 -0.25 0
20 -1 -0.1667 0
21 -0.9167 -0.0833 0
1 -0.9167 0 0
2 -0.9167 0 0.0833
3 -1 0 0.1667
4 -1.6667 0 0.25
5 -1.8333 0 0.25
6 -2.3333 0 0.8333
7 -2.4167 0 1
8 -2.4167 0 0.25
9 -7.5833 0 0.25
10 -8 0 1
11 -9 0 1
12 -9 0 -1
13 -8 0 -1
14 -7.5833 0 -0.25
15 -2.4167 0 -0.25
16 -2.4167 0 -1
17 -2.3333 0 -0.8333
18 -1.8333 0 -0.25
19 -1.6667 0 -0.25
20 -1 0 -0.1667
21 -0.9167 0 -0.0833
43 -9 0.25 0
44 -9 0.1768 0.1768
45 -9 0 0.25
46 -9 -0.1768 0.1768
47 -9 -0.25 0
48 -9 -0.1768 -0.1768
49 -9 0 -0.25
50 -9 0.1768 -0.1768
51 -9 -0.25 0
52 -9.75 -0.5 0
53 -12 -0.75 0
54 -13.5 -0.75 0
55 -12.75 -0.5 0
56 -15.25 -0.5 0
57 -19.9167 0 0
58 -15.0833 0.4167 0
59 -15.75 0.5 0
60 -12.5833 0.6667 0
61 -12.0833 0.5833 0
62 -9.833 0.5 0
63 -9 0.25 0
64 -12.5833 0 0.6667
65 -12.5833 -0.6667 0
66 -12.5833 0 -0.6667
white 21 1 2 3 4 5 6 7 8 9 10 11 12 13 14 15 16 17 18 19 20 21
white 21 22 23 24 25 26 27 28 29 30 31 32 33 34 35 36 37 38 39 40 41 42
white 8 43 44 45 46 47 48 49 50
white 13 51 52 53 54 55 56 57 58 59 60 61 62 63
white 4 60 64 65 66
